4659399999487989896999997769995979959991999991854994829895988591969993597899991699699799999986995999
2799999999999199699799551989999999791949998699959899949729125999914931269619939969399576992949643354
3999993399797559626992989839973984919899999499951619999999172956369996473999999999693999789949896879
5799294939999999526991346959933799651991199977779997499237952999919879995638929499199927999961835912
9994999299599999938399199499797927999171992965599959999119699399599999964319919346389746329999999569
7993919494111696999979995299599529999994531971999996799738259486299496395122999948939989969999981398
5995287999918999299216969394952954916452171788975999991996954967959979999999998599429291999993959999
7919199299949939999967992999992487848619949919196995445622289428993699369199989923946993494949958998
9499995699879999995922374994955669492794992169598499999699779995118649949492749348999991195863996391
9879991924928199999598259953289999899949992915552489599939998744916249559919962965999599683895999891
9491991959756999291543916558399721899956519236937693799263996395264414459199996199869393991959622999
9993658946992919999415859991399896919499925539999999996678582199395241543493469999121995479669929999
9999698919991299939939819799499994192629199989371992899939119649979769297939559992562238399592933996
9875928199945912999199395959459391496994697962997859759985789979998967959999696677952876939996796216
3969991779999599593358969899196492599399699499495543949999319493999738796951199566892948339511993797
9999292998699988999928193637999564729399294998969472986999594699592493132993789959999958179818982789
9799999981196999996653994875579496676925398793713892792874259469194626958995889985999999281857996959
9999196692499999699566595677293979761839969219992927982959993973831697794929999929993994139639919969
9699966993233812999238499989299314888999518998995693455952467949295935989298136458389922999699299939
9996455959995973949991975564416281656997693396931391996989391949929999288795962999964693599971999354
9999999369917969592319997985769912799439597119925869959935999969265939919999499475699755969889999684
5999997919971315332959997997977922999991421599989689929332194271126696717699999199942299945999914843
1377999998499189999759911997529998359125999688917299149984818364499135114225999999931949796899999999
8991419999969976999916599924921354999864919999587561799119957446999889571699992429654542922532398999
4429999999959699839939293842995822685966952813836999655166969671798938929899993999951429219418289299
9974489499699197135949991789997259722781299679971248159998364991843844915296737164327987149199993974
7289994939229492931999989977982658911426429564453371255992379192962948998979933729499673971993699991
8695999999231899999243799996929791612335748494696974792236932656991654249943191499999973999259899991
9935949969979994979922579556916293926865891947688379249363381695217944669669989993862986644919459989
8977292539969599999829799999693772257373439581323981719536895317199979735154151291936769957999929519
4599599999489491148949739854263471989589327755937327971635426861496643352662316229769383967589999867
2999998479449997699494672969473954927283262258857894629685527451877366933878993925989999179897299439
4969769799699399268573499599159359594189959817783714583243636627544797927392159119593995998113919991
3999913545999818999979953999749999721665225854723385543252511884532223768273332999793889679819299495
4539967959996699959999932995978699795561135842396367416841482578174613139831489989399896998998992999
9296715986959997294165983396999268397626684457561427115555524231522357389471329359399419498671693999
7956789959899399639391988929594967183753773263262946777573465796151257538611492985571353461999899398
9999999917765351199785919467599997993636854462649621835464355532452564469559211195294963732792696972
7919998439997541194998885941798914173464832656346855622366317164611776133868558329721999699989999947
9299949496599799769296968993917917191331716285374514422423235514153775245498197358455939159949895972
9999978988915999697625193776299229926346511326452311423254511434426337182859461573199897895913917999
8198993399992949599931499994952199239522127315123314331248124245216266483545992469951932999399983998
9249459929393999999998414358989956912984252636343321434132424642161334616439999591929991995925916869
4949999889189999655489793726779959946145947251154221332233234312564236819148991853897862632599212937
9999935999994928889784656859993739384841352592133229131211312223264696545419889969151999695514999999
3499999635159999949496929299997523897155375525253812121141213325322644749973525187999847469637989995
9854199953199724998995696629994643233264124722411431212121212213366216314569914516937266198637999699
9997999949999949999961991998839161498928754288344112221111211312453362349175967965499999899999378946
5999359494931899999959968299825992964424254533241412126011111413465125814633491584253922932999699479
4965999893947996994949899797969855392851573769324111181112453822381623699185179455661289999949697986
1941934294729979999922935399245999992873217151754415221111233425156186531369669593916999925899999999
9799998751449949116719392943839372928573417716112539111172111335141114727329249685839371326989992599
9499439733899999995929517791118241424856237714383232122212322123631726445276965981138851999917998299
9999999989997322999739492992387928919272667626543227221482223371216132579261294949159443869949295396
7994493965899691499994198179296826296493351422413143132653238424363286314328971659699929992339999998
9989266199949399999959297984959635979995564165422133512442232143453626388163424659299963999799399779
9599499793995316299999293695294331358681812423515217442153534234463613737391398299955239192919643539
9999995417981969459992298999431992232983311939362227312243344234462573756313946996259999339859939693
9999256399597259992699999535974758965991412132216165235559632113161747587388899239939313989849969991
9993999597959999892749999766599868758639267744534239625611246265241772323397499126192949656999998491
9954494445899199714594361697991692898867741622514422315356427427668777825741964952589943893789939924
9999199297799698499294925993479999289575192573611137178421685225615168597279413719984961895919399199
9399293999598341989999949138582697279835111748442652617132572536151315655887757394939929998991999992
2799699919364899865999462637965494616994643948241626732299767385236479355194923989122932557469935918
9992399999299719499999156992569598454667543891996757112952313442574679899992295992927297692831188199
9916868145983393328229929259995999465819262324591125329357742633728597191319175189697959589952995934
8999989939552999999779449944458933589192477278521991631849236311669991616972976193398952499524999999
4999676981397194796997356955985648445532738526567978523299852729969289625955198559895998945995539994
9952999993997824859655999913929827476848639564999359519756595817692612284124372969964999999998995799
5299979729499919881836798994215392985989978669487519596994349533482928473294649949676997945969699999
8892539693999288989999678331991396341168286893929918372133248979979993898794292913299992594939949368
9989992949959917969596459899999399992597994935395235859292996742999949959441293783369295792979796999
9999949219999949991999998411357823974196693539719374523745699162919647195598132453719999997499999979
8596393929349734283929997891488785973524297752999197974699649789788977493589639998919359499994939579
4999959899897199721999819999951593942781999563499958639389299984181329393799599887656549931399669759
9993999592989583929969999995998949999992998326129932991811499886989966987663399839797989981838999999
9799848799695699725499267999939972919299993449989492199144148698995999913118999889944979749969433999
9356999499969929791973399565784825239949954893594191799986739999397579194495651829667539392499999961
1999969945994999997319417876541539763499999496795289949599322959999925999987719239529694498989974693
9993629999941199924599599664119193899595799679979799949959916999829593493968399995881999189933998999
9394999569992999939966669995987972595785958273778999826995192994499491791992649469999969889999949999
9999949992699889598799192997446495169969193946519899789556177939999959342921993399629289949999915739
9159259999978719966964669921955999999949999595999867919995999945864844999698895833479599787374999569
8249935429995999779291579929999951937119999197799998999999562999993939799349923695159696999791713992
4995818471249499995939249978919199995799999249999876966799195999694919297699999894891529736999898997
7492959396916595914499289969919169721418234225889998589639997699899999949947478991155769996939499937
9991979699869479949797898799598927799996919999993759948896979394359999771797992922449499991969978997
4644699929999899991569979959986969213599787949197999953919697999975833949994896752734949999599999939
5699915991699849587999997998199985996999271669499921499955849996959896499951992999898999729385982989
9499919979294929216786339689189975919692949588939999799988299929999791999619949959999999493999679999
9399939919319699991949996572499919329494999493589963379295142221961939299999953371958991998999963922
9941995999929797499999899399443998883992992398229496995972199998399927994959591922493596999978916992
9999991997699399927979999479999797619156733358994968682769595494999991796387577598989999397998997999
9699999999989969299987579992796948919941991999999993193499999995259969399999992599999199939319999599
9799869999589199917293996999979998998912293399141999994997719299914499798994499949597999992933996997
9949999989695397291919647583915119391319991994249494999952999999429658195999995779996292361696999999
9199999999989999949999652196399692992799299559197894999956919999999992999999199997896593627994999999
9999952666999999999899989949999299199993915997995929965199999939799994924999399839339999499559558199
9559199794939189993989449999999249969993549199892613977699964993991995998979629535999999999359969599
9999899993299797999179939954949992999918993999929982179918499349998119599955599496917798999993999944