7 2416
1 5024
10 1989
5 16408
6 5220
1 4078
10 845
2 3108
2 1840
4 8028
10 903
4 349
9 2068
6 421
6 19840
10 17348
7 20464
6 3156
7 77
4 12340
10 2307
8 27
3 7744
3 14112
1 223
5 16384
3 3
3 6384
9 7188
9 1345
10 3784
3 4082
7 76800
2 3408
10 1357
5 2888
7 15552
10 16196
2 18436
1 2115
7 14368
8 10156
3 17472
1 1681
3 8444
7 262080
2 946
9 4236
7 30704
10 701
10 1920
2 7740
8 343
7 6052
5 416
2 11440
4 8112
10 300
6 3838
1 32776
7 81920
2 1537
9 2704
9 2436
5 32700
5 8772
7 51
4 994
4 131076
4 12256
2 4592
5 1797
8 1208
9 1616
10 269
5 354
2 114
5 52224
3 2041
3 3152
10 3148
5 66544
10 5276
7 653
5 5
1 2268
8 32688
3 254
10 629
6 775
7 7824
7 16385
10 85
3 3360
4 2640
4 80640
5 189
6 3168
2 5080
10 1074
8 3216
8 3112
8 520
3 1149
5 10556
10 94
9 8352
10 50
7 6192
1 2800
3 278528
10 22
3 1044
6 10880
6 16132
3 6928
8 3472
3 2555
9 90
6 770
9 880
5 297
6 1665
3 3988
6 16096
2 785
6 1668
7 4353
1 4034
10 716
1 3548
10 32384
8 779
6 6268
6 4300
10 1556
4 48
2 2054
1 1595
10 4612
4 3201
2 1011
3 90
7 250
1 18288
6 25600
6 20500
6 1296
10 27200
5 1294
8 33344
3 5516
8 12296
10 10492
8 454
7 39
1 4027
10 239
8 65456
4 879
9 2832
1 899
5 4216
1 783
7 1656
7 406
1 496
9 2252
9 65216
6 8321
3 771
4 4244
3 1015
9 12804
7 732
1 4024
4 13040
1 17
2 10244
4 4287
2 2180
6 6704
1 1583
7 262160
9 1844
6 19392
4 1151
6 8032
3 4098
6 4260
5 291
4 61436
9 10784
3 84
7 22528
5 36864
5 1047
5 131056
4 529
2 4177
2 8
8 4354
7 4865
5 3296
8 2460
10 220
6 1180
10 10816
6 4192
3 73
9 4860
4 32928
2 13248
3 1184
3 4692
8 41216
3 360
9 74
1 14880
6 2017
10 6560
6 233
6 8592
4 1439
3 71
7 3199
2 17088
2 515
6 5441
10 32260
10 2572
3 1009
4 12464
2 274
10 9276
4 2868
7 868
4 6908
5 12280
2 721
8 2860
6 1268
10 10320
6 689
9 263
8 776
4 28224
10 655
7 386
5 9840
10 1918
9 8084
6 7924
5 49920
7 131584
4 15116
4 8148
8 87
9 5232
4 36
3 4176
3 33
8 17404
3 20288
4 17
5 257
8 777
1 3864
7 2179
1 15040
3 13440
5 32864
1 19152
10 339
6 17
5 16
8 6532
1 226
8 88
8 10096
7 16224
9 1504
2 4892
3 4143
2 8740
6 4628
7 517
3 10748
7 16360
5 1964
8 2000
6 15120
7 3532
9 5316
4 4081
4 459
3 5
6 4129
5 347
7 9596
5 11
5 2824
6 3075
4 453
8 10640
8 135168
10 940
9 17952
3 1122
4 1472
7 1640
2 830
1 1540
10 7920
9 525
7 2369
3 5892
6 5384
9 625
7 9152
2 1092
10 35328
1 9984
7 4096
2 1768
1 4644
3 3040
6 2300
8 15104
8 4031
7 31728
7 12100
2 20080
2 16
7 9520
6 15596
9 4155
10 41600
9 3468
6 4609
7 132096
1 21488
5 20732
7 5252
5 14272
3 4152
7 5664
1 46
1 993
3 10220
4 4716
3 150
4 1727
4 8208
5 473
8 1029
3 7
3 12796
9 180
3 75
10 2980
4 10624
6 24448
7 1147
1 378
6 276
10 1240
6 4844
9 32960
2 475
8 540
8 493
10 947
9 3096
10 4536
10 10180
7 53
10 1000
2 3967
2 2788
6 16912
1 8065
10 1860
5 2050
6 49216
4 61200
10 4097
7 7700
8 1073
10 41984
9 565
3 6145
7 5264
1 4117
5 4796
9 1576
6 20816
3 910
6 2124
9 2064
7 19460
6 4144
4 881
5 10164
5 6240
6 4940
3 17409
6 65536
9 2160
1 3280
6 16544
7 543
7 626
9 10372
7 3104
5 21440
2 1280
10 2641
5 2449
7 4288
3 53
3 139
4 8192
6 26
7 45
4 443
9 40832
1 39680
3 9604
9 41088
10 6480
1 115
3 553
7 4268
3 646
8 2035
8 699
7 16628
6 154
8 10512
6 1980
1 74
9 14464
10 24704
1 21168
3 59
3 6960
2 1284
7 428
3 15232
6 4884
5 6408
8 595
6 5
10 508
5 2444
8 4556
4 2164
2 516
1 3036
5 1143
5 546
7 4604
10 32128
8 9536
10 6224
9 3069
1 1018
2 0
4 1596
1 21760
4 323
4 198
3 2078
8 15344
4 37008
10 7681
1 533
8 28928
2 36720
9 4115
7 2623
9 5716
2 16652
2 2644
6 306
1 20720
5 10116
9 32816
10 898
2 4640
6 324
3 1412
3 5632
4 25
9 504
4 2468
4 2428
8 11536
2 399
2 2484
7 16328
10 8580
3 3072
2 1228
3 6272
1 327
7 16383
7 8172
9 1538
9 3396
5 16688
9 1247
7 676
5 6132
4 390
6 557
3 1056
10 990
7 2309
5 6916
1 16636
10 1887
4 20396
10 1218
10 6388
6 3608
6 244
5 1069
1 4272
8 3172
3 7236
6 2228
8 7444
4 3905
4 7708
10 4372
7 3876
5 30480
3 14352
10 69636
10 585
8 999
2 66564
3 12284
3 2820
8 3932
7 507
8 7108
3 1094
6 14208
2 1922
8 7284
10 8292
4 224
6 16708
6 3712
8 5056
5 5296
5 15936
8 4048
8 492
5 25
5 2083
7 10212
3 4740
10 49408
8 2632
9 132
9 14384
6 88
6 304
3 1152
3 302
7 30784
5 47
7 5508
8 4924
7 19204
9 166
2 10848
5 72
4 3616
8 262400
9 4158
7 46080
10 83
5 4863
4 2287
6 34820
10 446
8 12356
8 82176
6 7568
3 8100
9 157
6 5119
1 1632
3 1053
6 1071
7 10368
2 20488
5 178
6 2639
9 411
6 2879
1 72
8 1311
7 65792
3 11
8 661
6 348
7 7944
3 1744
6 1231
7 35904
3 864
6 5216
7 15352
1 8705
8 13008
5 31808
10 7228
7 30976
9 3308
2 49088
2 7156
10 6076
7 8108
6 5308
4 17407
4 754
4 10128
7 20492
5 3364
9 1748
1 4128
5 500
4 28672
5 1204
2 395
5 3116
3 4180
4 6143
7 10564
10 4276
6 5756
2 3092
9 5456
10 59
7 65604
7 20796
3 706
3 19760
8 7940
6 16369
8 2220
5 1979
1 2836
6 14160
10 14400
7 41
4 33536
5 4127
8 10256
2 852
2 12276
6 32748
2 4172
5 65788
6 8177
10 1983
10 1269
6 607
8 4488
5 656
10 485
3 15612
6 4111
5 158
3 4632
7 1087
6 3336
8 9728
1 1124
6 32272
6 295
1 4296
5 287
1 102400
6 29
8 952
1 280
3 828
5 2684
7 73
4 65280
7 9
7 5948
1 3996
8 966
3 9600
9 12992
5 10032
4 16632
3 248
5 3064
6 17600
8 23
4 4369
10 31488
9 16512
6 131328
1 3857
3 4040
10 2030
7 2396
8 1211
10 122
3 542
10 4880
5 16768
9 707
10 18576
3 15296
8 4056
3 320
1 747
10 3376
2 409
3 4360
5 3135
9 43008
6 2796
5 65
6 2400
9 4876
3 6160
6 512
1 258
3 12416
4 2593
5 16468
2 3900
6 1059
9 3124
8 120
9 1612
10 2100
8 968
3 2
1 67600
7 57344
2 104
2 91
8 2558
5 702
4 1889
3 255
2 3023
5 4080
6 310
6 24624
5 245760
8 1799
7 51200
7 8508
2 1167
4 1352
9 808
4 456
4 17280
9 4356
6 12096
4 1787
4 20608
9 1564
10 8204
3 117
4 191
2 33020
8 1148
6 2039
8 4416
3 1275
3 83
4 9296
3 10048
9 2556
7 1471
3 964
1 32256
8 1852
8 5100
6 6688
10 668
3 1305
7 294
4 22848
2 744
9 18720
2 20784
3 398
9 42
3 900
5 4065
7 620
3 4868
6 3788
1 1452
8 16308
1 12816
3 6032
2 356
3 23040
5 10432
6 1553
1 2720
8 1212
4 4132
8 483
3 30
4 1480
4 6176
8 2085
4 781
7 4168
4 1496
2 98
6 6
9 1533
8 328
8 11200
7 6800
8 64
4 5132
8 24
10 86016
8 12348
3 24560
1 1992
6 30688
8 4212
6 24832
3 65532
7 19452
8 4120
10 4347
9 116
7 15600
6 23
10 32768
8 1601
9 8960
4 951
5 2732
1 11516
6 763
4 36880
4 3652
6 50
1 671
8 7676
3 7488
7 1597
9 1214
8 4101
7 641
9 270
6 4748
7 17536
8 225
9 3780
5 8784
3 277
6 17388
9 634
3 32624
7 22032
10 2892
9 1112
4 1948
5 365
3 8076
7 20164
10 20804
9 16208
10 18688
4 1775
9 1224
5 665
2 1424
10 832
1 68
6 1232
8 7984
9 3460
4 4029
10 8348
10 1288
10 7680
4 57600
2 20412
3 3068
3 1278
3 4388
5 16364
1 5792
6 394
3 1820
9 10384
2 6864
1 1602
3 1904
6 20512
1 32512
10 9632
3 1052
7 4252
4 8224
2 2192
7 2608
6 16192
2 361
2 4607
8 8576
10 5368
8 6392
8 1173
8 577
8 2241
2 723
5 63
10 8124
7 5152
5 252
4 672
5 4136
5 1282
7 20448
7 5280
5 7668
10 3984
10 10416
4 3524
9 14
10 6476
6 2844
2 83200
7 3964
9 2604
1 69616
3 2177
2 6124
4 4220
2 6464
5 65524
4 4720
3 1289
4 7148
3 32848
8 90
4 1270
3 60
6 16648
9 3884
3 801
3 7276
6 69568
8 31248
1 13376
2 108
7 976
6 10288
4 2289
3 48
8 16640
8 8232
2 408
9 8880
7 17344
7 139264
3 9284
6 34
4 40
3 1030
8 33028
4 2256
9 12332
4 10064
1 1880
4 61
2 3576
1 32496
4 992
6 1599
4 16448
9 1792
7 20479
7 767
6 15380
2 2069
10 185
3 1137
10 1046
2 1724
8 16148
8 40964
5 13072
7 131088
4 474
10 64508
4 3936
1 235
4 81600
3 3720
7 5105
4 65796
5 31740
6 2028
3 12192
10 5728
6 2296
7 434
10 1365
8 5117
2 12608
9 50176
3 2021
6 80
6 12
1 70
2 36
5 1795
1 6736
9 55
10 32800
1 65528
3 51
9 7712
3 4801
1 6400
7 973
9 207
3 3132
9 4724
3 58
10 19712
4 34800
6 4104
5 35088
5 22
4 1013
10 2092
4 13308
1 415
4 14
10 2352
9 7104
5 1348
4 420
2 4448
9 4072
8 680
5 24384
8 901
1 4164
4 16480
1 8752
8 1567
8 1312
2 8176
3 113
8 805
10 10308
6 81
3 827
6 4468
6 16508
7 20404
6 67
6 62
4 19
4 522
7 151
7 260
2 65520
2 5084
1 8356
8 94
10 2008
4 15312
10 949
4 99
4 487
7 2302
4 14396
9 3648
7 1299
7 58
8 8264
6 2540
8 174
3 3260
3 15361
9 8400
6 5108
10 524
4 19184
9 5201
7 2159
2 20416
5 18304
6 272
10 321
4 21696
10 12560
10 33
3 12544
8 2172
7 5956
8 12496
6 125
3 4085
2 1793
10 41024
8 121
4 70656
5 8152
9 40448
10 65556
1 495
2 5168
9 7692
2 3777
5 18880
2 12240
3 205
8 1384
2 4304
10 1999
10 268
1 8252
9 32788
6 4240
6 1976
1 4
2 2348
10 12768
10 16140
2 25920
10 326
6 604
5 1080
10 42
3 1785
6 2367
8 24528
8 7520
5 1036
1 2029
1 19216
5 2037
4 1776
4 68
8 4208
5 30
3 1712
6 3536
2 16064
4 9788
5 630
7 12272
8 298
10 5121
4 897
9 1083
10 704
1 4223
2 18480
2 2612
6 79
8 888
8 860
7 2900
3 131068
6 9220
4 5696
3 4808
10 1664
7 25596
9 1308
1 978
3 161
1 7552
1 2592
3 7792
1 6672
5 216
6 32240
10 3612
8 1016
6 1048
6 2724
3 674
8 638
8 1816
5 7140
5 1070
10 16580
8 60416
7 12292
3 447
6 8256
6 2688
7 18368
4 5172
1 64768
6 2648
8 1969
5 4105
8 4788
9 904
7 16380
7 20156
6 219
6 1156
3 263168
4 2996
8 11152
10 1355
8 17408
5 92
8 2161
8 2464
6 2495
3 8332
5 76
6 722
6 160
5 849
4 570
1 3596
7 2756
7 149
3 8324
5 3584
6 147
2 1079
2 12384
10 4102
9 7679
2 54
9 24576
9 1035
4 1017
2 44
8 10268
4 13060
8 524288
1 1150
5 3016
10 1968
10 20176
7 15440
6 1728
2 2687
6 14
10 89
6 445
6 1908
4 261888
10 1261
10 645
1 654
5 6044
7 3892
2 3120
4 371
7 561
9 4623
8 19136
1 569
5 3640
4 148
6 965
2 28
8 8194
5 6180
3 8512
2 1341
1 5180
4 32
8 8161
9 687
5 13520
7 1095
9 18224
8 1505
10 574
9 2181
1 12160
3 31744
6 2136
1 844
7 130816
4 175
7 9568
6 452
6 3119
4 927
8 43
6 19472
9 9344
1 337
9 4088
5 9232
5 4224
2 1273
5 1788
4 1287
4 8976
5 20481
2 32832
7 7652
1 2497
3 2129
8 423
3 24592
5 19520
6 25680
8 5040
5 49
8 9356
2 122880
2 33856
9 4367
8 3388
9 105
4 6944
6 6484
10 32
5 1002
10 563
10 40
2 8448
2 10576
8 468
10 8496
4 3600
3 39168
7 48896
5 103
6 15808
9 1336
10 592
5 11504
1 3332
8 49136
7 3164
4 5156
3 760
6 1448
7 309
2 628
8 70
9 1407
6 519
7 16896
3 10224
5 3916
1 7937
10 506
5 4112
10 8063
3 696
1 17132
5 2288
5 2356
1 76
6 376
6 1780
4 231
10 4316
7 8193
1 8276
5 821
1 135
3 1358
2 4656
6 440
5 77824
2 3728
3 1981
5 96
7 12484
8 4344
3 9224
10 3284
10 987
4 915
5 69
7 57
3 36992
7 4114
6 4928
7 8120
1 1221
8 34
9 8388
9 10248
5 1037
4 1663
9 2145
8 21824
1 1295
2 3009
6 9252
3 1140
9 3812
9 5444
9 2700
6 292
6 8440
4 4324
4 908
6 895
9 69888
9 145
4 81904
1 1944
6 16449
6 892
9 32448
8 129
3 13
5 1568
2 26624
4 576
8 1917
6 2132
1 929
3 1828
7 212
5 131200
7 4544
4 5072
3 6156
5 3084
3 2079
6 38912
4 9680
1 65284
2 417
10 913
1 7548
8 7088
8 262140
1 65488
2 5039
2 581
2 531
10 253
2 2452
10 5628
2 3972
6 34752
6 47
1 429
9 2113
5 472
5 538
8 54
2 6380
1 64576
10 3837
2 14448
5 526
4 401
2 876
9 466
3 331
7 6288
3 2184
1 1236
6 962
10 98
6 9148
1 20228
6 2884
9 10160
8 1286
5 52
1 1362
2 4090
7 1340
3 66
10 123
8 76
5 2057
5 1215
7 97
1 17400
1 2104
2 2432
2 1932
2 16321
3 1812
9 30848
5 1935
1 5460
8 2956
7 650
7 5424
9 238
2 896
1 3604
9 3236
8 6332
9 5712
1 2388
9 959
7 172
10 5856
10 18176
4 18768
1 208
3 34048
2 980
3 1404
5 32740
10 4672
2 35072
8 6096
9 16672
1 5328
7 40976
4 3070
1 20
10 1772
6 317
4 82240
9 2081
3 40880
9 4337
8 847
2 25616
7 1508
1 30592
8 65264
9 2173
10 640
9 590
1 1119
10 60
5 341
10 8164
2 928
9 5392
10 373
2 816
2 8036
3 8972
6 130944
6 16060
3 106
7 2448
10 948
5 12244
8 497
3 12432
9 396
7 2055
4 1086
1 7100
2 15888
2 293
4 4196
3 768
2 265
7 1960
10 2940
2 4368
7 6164
7 30464
7 537
2 579
1 16392
7 314
3 10336
9 141
7 47
3 6468
3 20540
6 15280
10 2625
9 2488
5 427
9 3028
5 81936
6 63
1 10112
2 5356
9 1988
8 65600
5 2591
7 204
5 1807
5 1416
7 1252
3 16528
3 131072
5 16641
6 2600
3 4035
8 5188
2 76
10 2260
3 1456
6 5377
8 8692
3 5036
1 65548
1 303
3 12368
3 1041
6 637
10 3089
7 2108
9 3552
1 9476
10 7060
5 498
7 8195
10 693
7 8624
8 16620
10 2948
4 3007
5 21
6 5120
5 1503
10 18560
6 1460
7 1800
1 31680
8 5292
8 8447
9 1952
8 32892
6 25
5 3842
2 5122
2 8197
2 3664
8 3696
10 17648
9 40992
3 7440
8 4060
7 16460
10 15360
7 332
4 16399
9 766
3 311
7 555
6 958
3 17664
5 1884
2 1072
10 833
1 1531
8 7696
4 10208
1 1905
5 69360
3 16900
6 44
8 711
4 3452
10 41040
7 9217
5 66048
5 1032
2 1408
2 20468
4 61440
8 16348
6 4184
7 86
10 800
7 279
3 11968
8 8044
6 461
10 15420
3 476
10 53
4 32644
7 17668
8 1524
2 1347
7 2552
1 8228
2 3768
2 2109
3 642
5 8236
10 1648
7 188
7 2636
9 444
2 1344
9 4
10 383
2 2481
6 56
5 3776
10 912
9 1536
10 46
1 48128
2 1064
7 16660
7 410
4 10300
3 1220
9 11260
5 5208
4 60
4 18428
3 8
6 65276
7 8209
1 608
8 3592
6 457
6 13
2 3556
5 282
4 6576
4 28688
10 3599
1 2024
7 32900
9 6244
2 3940
6 49104
2 4704
4 7200
6 60480
10 20240
3 10496
5 11524
8 31
2 66816
4 6460
10 87
9 7184
4 5092
4 627
8 13568
9 184
4 10260
1 4108
6 35
3 34560
8 16572
8 6420
1 1716
4 17168
2 795
3 8212
10 10720
7 2299
6 1857
8 16456
3 15376
9 8640
7 11
7 7424
3 729
2 4460
3 2020
5 494
1 5041
6 6768
8 5192
6 49
2 8700
6 81840
10 28668
4 814
6 2043
3 1542
9 322
2 8668
1 49
6 12032
7 1274
9 126976
5 972
5 19120
6 21248
8 1281
9 7504
8 163
10 719
4 1428
4 143
4 829
8 9796
6 1892
3 6528
2 16832
10 3316
4 24672
8 4804
4 7
2 37120
6 956
7 8207
6 6724
9 1676
4 1585
1 3868
4 8720
10 32772
5 4996
4 5140
9 606
10 8319
5 2264
2 10272
7 32704
7 1361
9 33728
1 18512
5 16372
6 1022
8 9364
10 7996
8 35
2 4384
6 469
6 9068
6 8432
1 23
8 2047
2 8380
2 40320
4 9760
5 12784
5 8184
7 16401
5 16379
9 2672
6 4408
9 4093
8 8800
5 6080
10 889
3 4148
1 33276
9 4280
10 1332
8 10324
5 4064
10 5244
4 1316
8 1026
9 6368
4 441
9 1488
6 3956
6 5380
9 261
8 33284
2 203
6 3764
7 7620
7 6524
5 10756
2 84
1 9424
5 8189
5 32896
5 1620
4 11840
3 9076
8 572
10 593
7 165
10 1631
9 2301
8 352
8 8129
5 1267
1 16496
4 344
8 3823
9 19440
10 2
10 1608
7 1
1 32836
3 7428
4 37
9 1628
6 9024
8 769
7 4464
10 1388
6 20
2 63
3 33788
4 14560
4 5112
4 66624
2 7052
10 273
1 670
4 1521
1 6404
10 28676
5 17684
10 315
8 130
1 3816
4 15
9 12672
8 12287
1 26
2 2044
1 3076
10 3329
8 3456
4 93
3 159
10 99
3 1953
8 6000
5 21776
7 812
6 1617
3 4335
5 2616
10 817
5 16624
1 471
6 296
5 4396
4 17340
3 81664
1 1084
8 2188
7 32736
4 9200
6 4336
1 1396
4 2111
2 261120
5 436
6 583
5 245
10 3228
3 2209
2 757
9 1244
9 15108
2 43
1 8712
10 6236
6 2412
10 2292
2 16068
10 5808
10 4157
9 336
8 243
6 2272
7 28
10 5104
8 69628
1 578
5 3356
1 201
8 62400
7 182
5 647
7 6624
3 419
10 152
9 24768
7 2476
6 1436
4 1292
6 820
1 484
1 1696
1 651
2 3012
8 4015
4 4188
5 31
5 13
7 15876
2 4165
8 643
8 1051
8 5452
8 2740
3 49168
9 8316
8 96
7 28736
8 2772
6 16700
7 4588
5 66576
10 19264
2 3024
1 10752
1 4480
6 1093
1 5064
9 8191
1 24
2 94
5 541
5 345
9 17856
3 56
9 1014
10 16432
10 8132
5 2817
10 65
1 4676
8 433
7 82
8 3328
4 393
3 463
5 2528
4 3796
8 202
3 65616
1 95
5 45
8 8828
1 21568
10 49
10 1924
7 7344
6 1102
5 61456
10 2527
7 34944
3 11248
4 4932
4 5164
10 3032
4 16319
6 2174
5 18432
3 1116
10 1042
8 18400
9 582
3 285
2 4636
7 5364
3 368
4 3588
5 364
2 3192
2 1360
2 8127
4 8312
9 549
7 1219
2 32192
8 2208
6 61
5 5776
5 138
1 69648
8 3056
7 5284
1 7808
1 7584
8 11520
9 1327
5 2876
6 4
2 1260
3 35
10 81916
9 71
6 619
5 4332
10 490
3 5088
5 1756
5 482
5 17
3 49200
2 6108
10 1233
1 146
3 8168
4 9215
1 1339
2 774
1 975
1 39
9 2052
4 230
3 8544
1 14320
10 6256
3 391
5 5052
4 16464
9 7232
8 17376
3 5057
4 16400
3 939
2 4780
3 564
3 93
10 23552
4 532
9 16129
10 8092
9 3620
3 749
6 9732
10 1919
2 439
3 20472
3 836
2 8340
1 44
1 7928
6 1794
10 33040
8 8060
2 772
9 1027
1 9648
6 110
2 1346
2 1121
3 8004
6 5312
9 2456
3 5020
6 2964
10 14080
8 2596
7 206
4 834
6 1512
4 4063
1 1487
6 5176
10 477
9 3100
5 375
10 1202
9 677
8 30736
7 12236
9 8480
10 4832
6 2128
8 1039
3 1329
9 705
2 16389
5 33808
2 10688
8 1006
3 20564
1 61
5 17476
10 1876
3 1605
4 997
2 32000
4 43
10 82
4 3960
6 3888
2 28560
1 4768
8 1205
4 53
2 818
4 1688
10 3968
6 2768
10 271
7 55
3 305
6 7152
10 34848
9 4432
10 2576
1 64448
5 7748
8 62
3 8240
9 1328
5 6832
8 7176
1 1313
5 32288
4 1264
7 10560
6 700
3 418
5 6012
6 308
1 8608
2 192
5 6208
6 64496
2 893
5 2053
3 4004
5 65535
7 7
3 2815
6 6401
6 27
9 1796
9 2580
7 95
7 567
8 2051
10 8428
1 8703
8 9724
10 708
7 20752
4 611
6 4351
6 1199
2 1170
5 2431
4 16108
9 11456
7 3312
2 7216
2 4350
2 8336
5 4680
5 56
8 3025
1 12220
1 1900
3 34816
1 10316
3 5872
3 1045
2 995
10 1584
4 3265
8 4289
7 78
3 4037
9 7296
4 8464
9 819
5 2308
7 32708
9 11600
7 8052
2 168
10 15632
4 30720
7 98304
7 631
9 17680
7 17416
4 2447
9 712
2 2543
6 4012
1 2305
6 10080
3 2156
2 36288
6 7136
3 15168
4 385
8 425
7 247
5 131040
6 21120
8 1132
2 8156
10 4625
6 4292
2 1372
1 2872
7 2062
7 4232
8 9488
4 100
3 15488
4 2508
4 840
3 177
1 5488
8 41
3 119
9 2019
6 813
4 2171
1 15359
9 2804
5 10176
7 4992
4 30656
10 669
9 499
8 8288
6 40896
5 24512
3 652
3 435
3 16048
5 95
2 10252
2 33152
6 288
1 2096
4 10736
9 61
9 14332
6 58
9 989
10 1789
10 12800
9 1033
2 799
2 9980
3 8368
9 4580
6 15328
5 4028
7 11268
8 30
10 2504
8 7968
5 2577
1 5472
10 20556
9 1031
10 112
8 5420
10 6016
4 3860
1 1024
5 130560
1 6512
10 437
2 1592
6 15300
7 12028
10 0
6 5124
3 340
10 7436
2 221
4 3244
2 199
9 5123
7 1720
2 2544
6 1106
10 131104
7 15680
2 28416
10 2012
8 1091
1 5884
2 8260
4 316
5 688
1 1136
7 34688
3 1400
5 8223
1 3568
2 765
8 720
4 4033
1 8736
10 54
8 8816
8 562
4 4175
2 2063
2 3848
3 16452
4 5448
3 62464
9 65728
4 16136
6 2244
1 2492
5 33312
5 1921
8 2316
3 755
2 21764
1 82
10 2040
5 23
7 8056
9 7600
7 944
4 12864
1 17728
2 9184
5 6912
7 17156
9 64256
5 78
6 2207
6 3808
4 9744
6 1359
7 10960
5 3212
9 796
7 4752
7 2193
8 7616
7 4000
2 9156
4 2689
10 6336
2 478
1 81856
8 17428
4 7632
10 213
7 12224
9 5432
2 24480
2 87
7 1008
1 1213
6 36928
8 1732
6 16352
5 3564
4 12080
10 3528
9 3775
2 17152
6 2059
5 974
8 2
7 210
10 491
5 1101
5 222
8 1058
9 61680
10 4800
6 37
2 2628
2 2932
9 2248
1 7648
5 65552
1 6640
6 2061
7 25344
4 20640
7 6112
8 9664
9 3872
9 2424
2 4357
3 7392
1 633
8 1356
1 13888
3 610
2 10912
2 514
8 8072
4 333
10 1916
3 467
2 10240
3 278
10 12720
3 65544
2 2368
9 7167
6 6048
9 114688
8 752
10 7664
3 9
8 7804
5 40956
7 6276
4 2924
1 3583
5 27
1 8220
1 249
8 7556
3 2304
4 3324
10 12048
7 1644
2 14592
6 9168
4 6432
9 660
3 242
9 61184
6 2168
3 4103
9 4047
2 16300
9 11568
8 16608
5 9472
6 102
1 5936
2 32912
4 621
3 21
10 17660
6 65516
5 2976
10 5199
1 17488
3 2736
8 91
6 20560
5 98
3 18416
4 20420
4 649
7 50
5 4328
2 551
10 1535
5 7612
1 6716
2 72
10 15872
1 16560
8 1804
7 8216
7 6896
3 20992
3 2656
2 8144
3 10944
7 8956
10 49152
10 24
2 1615
8 9792
4 4404
9 2095
9 61504
4 217
4 16127
4 616
5 2036
6 5060
10 450
2 930
5 6152
1 811
4 523
10 40704
2 6416
10 2808
9 12320
3 20
3 8460
6 4799
1 3204
9 4560
3 64
1 12928
6 2191
1 9856
2 1500
2 32320
7 2992
1 350
7 1256
6 281
2 1323
5 3855
10 25520
3 17360
7 885
7 63
2 2364
9 32804
4 961
3 7936
10 45
1 33280
2 6128
3 17024
6 10800
6 3980
3 79
5 266
3 11376
3 88
6 61444
10 953
7 13120
7 15856
9 4348
5 63488
6 359
1 5148
6 2048
10 15408
8 2668
2 8300
8 1100
2 1103
10 30724
8 4820
5 8190
6 615
1 10192
6 6544
10 2380
10 236
9 240
5 1139
8 334
1 3080
2 24544
10 2196
8 3087
7 1082
5 575
3 21744
3 367
3 12036
2 11
5 11584
7 644
9 5032
1 764
3 942
5 1572
4 5128
7 1001
3 863
7 5008
6 1197
10 488
8 1320
7 27648
9 4688
2 16120
10 51
6 2212
10 37888
1 15340
7 1034
6 4032
5 7056
6 3716
4 6592
8 1541
3 14640
6 127
6 1097
4 12016
3 7728
6 215
8 1168
7 400
10 3520
5 267
7 756
8 5440
1 1248
8 12300
1 2303
4 12540
10 2479
6 18500
10 42240
5 3903
4 2016
5 7280
10 4349
6 3196
9 8255
4 27
9 131136
10 3760
1 1967
1 1263
9 73
6 3208
9 4204
4 74
5 2344
5 1392
4 15392
8 1377
4 1217
10 2276
1 2536
2 9504
10 977
9 397
5 20484
7 8688
4 68544
1 3200
8 89
1 163840
9 6412
10 214
9 17136
5 3476
6 503
2 3252
7 83
4 36608
8 16404
3 528
6 10239
9 9248
4 3144
8 8764
8 10400
5 4340
9 28784
8 7932
4 2944
7 61376
6 2239
6 353
4 3836
5 2562
7 2708
5 15604
5 9988
1 66496
7 4017
8 131008
9 15616
2 724
4 82000
4 10000
4 3264
6 25280
9 1076
3 1580
9 667
1 709
3 9808
4 9
10 12476
9 5439
4 703
8 93
6 16440
5 131
4 4412
10 750
3 2320
7 571
7 33008
1 32760
7 1265
7 211
1 1099
4 2306
8 1784
10 24608
8 42
9 197
3 1468
8 2676
5 13316
6 1868
9 283
1 52
2 605
1 3660
7 81924
3 3184
10 82944
1 171
10 10236
4 1551
3 10876
10 7169
3 12
10 33216
8 16316
4 1259
4 12352
8 486
3 16928
2 1043
9 2848
2 1708
7 3952
6 65568
2 534
5 39
10 3924
6 5185
6 539
8 33776
8 60
3 1104
2 377
9 718
8 20740
7 1896
1 2565
4 65296
4 4089
3 3268
8 39936
1 99
7 16240
10 370
5 2520
7 12880
7 34544
5 3839
10 20160
9 692
1 2116
6 100
8 1364
7 8656
3 6116
8 25
5 558
6 19008
10 4620
5 83
7 788
2 4116
3 1057
1 12304
4 882
6 92
2 550
7 34304
3 1940
7 48384
4 1283
4 6656
6 792
1 2716
10 262144
5 69376
3 7916
2 55
3 16386
1 8140
10 16428
10 41472
3 600
7 8016
6 15840
3 4099
4 46
8 5184
10 2240
8 8064
9 954
10 289
4 552
4 234
2 6720
6 80896
6 5840
7 48
10 17920
10 37
9 773
5 5068
1 1652
8 3272
2 20220
3 32767
7 3248
2 4160
4 2042
8 259
2 9916
8 1255
1 32672
3 6092
9 8704
6 2065
3 1600
1 1109
8 3
3 30716
2 489
6 2232
6 8308
4 73984
2 134
9 36868
4 7120
2 18240
10 5204
5 16388
10 8768
9 4564
8 7660
5 943
8 1951
10 1489
1 4030
7 4352
2 32764
7 262128
8 389
9 23808
10 7168
9 505
4 12144
1 1040
4 21756
9 8048
2 4159
6 1176
8 32784
9 17216
2 684
9 9360
7 31
4 8516
2 1836
2 16960
5 8672
10 72
5 1285
6 258048
5 5388
1 8572
6 2097
10 8848
1 65468
2 7956
8 2067
2 133120
3 2001
8 66560
4 10108
7 4436
6 69
2 16260
8 2013
1 380
9 33796
2 991
5 65540
4 5504
7 38
4 971
1 1169
2 5648
4 4848
9 65776
2 19584
5 32224
7 7160
7 6212
6 1912
1 4944
9 384
5 1604
10 4428
9 65596
2 16160
5 100
5 658
3 6352
5 50
9 6120
6 580
4 535
2 8832
3 10172
5 19
4 1532
4 140
5 84
2 2748
10 335
5 81
10 26
7 33088
5 15124
4 38
1 784
2 4087
6 17412
9 782
2 4624
3 69
4 10232
10 13312
2 10144
2 29
9 6144
9 69
6 5968
1 4420
10 65664
6 4528
3 2076
2 7360
8 2384
1 1195
1 2564
5 1155
8 20144
2 89
9 1516
10 824
4 80
4 32769
8 3055
4 4736
6 29120
3 1342
10 20544
5 4100
9 405
7 75
2 609
9 2912
10 1936
1 2652
3 15904
6 10352
10 407
1 40944
8 2033
6 573
8 40
3 7868
5 3137
3 11328
1 1085
9 2988
7 32656
2 740
4 1692
10 15424
6 2812
8 9904
8 19280
6 2529
5 3708
4 325
6 2548
1 31748
3 256
3 924
8 8136
10 65476
1 8528
6 9196
6 19196
6 7408
3 3828
10 5115
8 13104
2 20800
1 264
9 8980
6 787
2 2004
8 8636
2 187
4 8716
7 65856
6 3920
1 4107
2 38400
8 1544
1 4856
9 2696
1 804
5 33296
9 6020
2 7872
6 195
1 5048
7 673
1 4124
2 2088
10 24064
6 12092
10 275
1 725
1 5372
5 388
1 3744
2 4113
2 5103
3 96
9 85
3 465
6 4145
5 15372
3 8449
6 7644
3 16376
7 9968
9 11904
10 449
8 4476
1 4756
7 3128
7 1484
6 5055
3 4044
4 786
10 67
8 591
4 920
5 69632
2 35840
10 2144
1 20224
1 181
1 4548
5 1598
1 1203
9 545
1 3071
7 6448
10 3644
8 73728
3 1277
1 7812
1 4415
6 16272
1 513
5 1700
5 1864
9 2321
7 16324
5 16576
9 12336
1 16592
6 1680
8 68
9 10544
9 12268
5 1790
6 299
8 865
3 10480
2 509
2 15428
3 6196
4 40640
2 2328
4 5824
8 431
5 7840
2 10884
7 18960
10 34
9 2175
6 9936
9 460
2 64528
4 3121
4 164
3 342
9 387
3 20476
10 57
2 4308
3 327680
1 32508
6 1005
8 1089
4 2420
8 136
3 78
8 3232
6 1249
3 2660
9 49148
7 2176
4 129024
7 34784
1 31
10 1271
9 14848
2 1276
5 837
6 4956
4 3516
6 568
9 301
2 5125
5 16288
8 3852
4 16336
2 20400
5 16644
3 4161
5 312
4 24
5 9924
5 1301
7 664
6 34812
6 8452
5 560
7 32576
8 95
9 9280
7 8284
1 2784
2 5952
3 1161
10 28608
3 16367
6 20460
6 20480
1 80
3 4816
9 1376
8 29
1 183
2 527
6 1293
9 262208
6 16176
4 6660
7 26
8 2532
2 8196
5 1476
7 4668
1 911
10 17328
10 229
8 3000
9 1548
1 2560
10 7688
9 3804
9 15348
5 12480
6 1061
10 17396
3 4784
7 126
4 33
6 6848
3 6340
1 4512
4 5135
9 21504
5 44
8 22080
4 4496
4 3896
9 1760
6 4156
3 9468
6 11760
10 40928
5 10204
2 4008
3 2143
7 748
3 969
1 1633
2 15368
4 41
7 70
9 1624
3 5375
6 2620
2 4052
5 4576
10 6496
2 479
8 16516
8 424
3 4852
9 521
6 751
3 5744
10 186
3 3060
3 4162
1 753
7 4812
10 338
2 4075
4 1134
7 5600
5 1007
9 1235
9 4896
1 12288
6 3948
6 4616
9 3504
8 9236
2 1809
9 1777
2 8187
10 1441
8 86
10 6608
10 3772
1 2440
8 2563
7 501
3 69696
10 64516
3 848
5 2112
4 464
1 603
5 544
6 4225
4 1153
9 2046
6 4376
4 54
3 891
3 9216
7 85
3 4020
2 2319
2 369
3 392
7 1028
10 3380
3 5888
6 1304
9 16880
1 8116
2 4228
9 40960
8 3074
9 2127
5 363
3 5760
3 442
9 232
6 2692
5 8272
4 6100
2 3057
2 8384
5 5428
9 430
7 20352
1 65344
7 7776
8 2433
5 7888
4 330
9 1192
1 64512
2 8836
7 432
3 815
4 548
6 1409
5 14144
4 412
3 1915
3 5360
2 29760
6 587
7 65024
2 957
10 1520
3 612
4 1038
4 2018
8 3320
3 3572
9 1528
10 366
10 8188
2 16116
2 14416
5 2372
8 3140
7 5636
8 4077
9 8724
10 4872
2 4256
2 6976
8 77
8 1808
8 1903
1 1107
3 7716
4 111
7 1324
7 4484
7 2313
2 1
6 124
9 20496
10 636
2 1740
4 3044
9 18464
2 2066
2 15620
3 36848
9 2880
2 2480
1 65408
3 4320
1 17424
7 624
5 16124
9 5200
8 7876
1 6204
9 38
4 137
7 65537
10 2972
8 67
1 1349
7 1679
3 6148
2 1200
5 4400
10 1164
9 37
1 307
1 4732
4 1872
3 7248
7 1440
9 14336
8 502
9 167
2 789
6 75
8 3840
2 68608
2 11264
8 55
8 1987
4 16656
3 589
2 2680
10 1160
5 979
4 2588
7 2557
3 9696
2 639
5 70720
10 6316
9 21500
10 1291
9 6064
4 2881
2 10608
3 1473
9 3004
1 16436
7 675
10 24960
1 3912
7 3077
1 1049
3 20880
6 2140
8 4016
6 30
4 16368
10 26880
1 15292
6 9264
8 8416
8 4900
9 4792
7 46
8 4284
3 1216
1 3700
9 1096
5 3327
5 290
10 8200
3 2340
10 64
1 1660
3 10
4 1075
7 1144
2 26112
5 7904
3 3263
9 16320
9 14340
1 169
6 10
7 13056
3 32252
5 3976
7 14304
6 8456
8 228
5 623
7 59
6 28800
9 2049
1 17468
4 96
8 2014
10 559
8 1196
6 16892
2 65584
7 1519
9 3969
1 4600
1 5136
2 1569
2 8248
10 16128
8 3488
4 2376
9 3067
7 4864
9 32828
6 69904
3 16256
8 1023
3 11280
1 21520
4 4092
8 1128
7 2178
2 10276
3 1855
7 715
9 19968
6 101
2 25584
9 15356
4 9204
6 5708
8 16864
5 66556
9 1672
1 11664
9 2031
9 635
4 1444
4 45056
10 10241
1 9040
4 5520
6 8684
1 594
4 319
7 1279
10 1003
1 3824
4 1004
9 5904
5 735
6 16387
7 5144
6 17140
9 97
3 3276
6 613
9 4036
1 16080
7 2295
5 2828
6 10364
10 209
5 17676
7 2200
10 894
5 4109
3 1552
6 329
10 3256
1 374
4 3908
1 5137
4 2896
7 36860
4 3680
7 5344
5 3008
9 2336
8 3136
5 21508
9 2545
6 2500
10 960
3 37440
5 16112
7 43
4 8928
1 5376
8 48960
2 355
8 7
10 3841
9 6084
7 6
10 8160
8 20320
8 9136
2 66304
2 632
8 2117
5 20672
6 22
6 1081
2 5984
1 5408
7 2114
3 835
5 33248
4 351
10 5680
8 7536
3 8175
7 32516
8 16252
9 39
10 1791
9 91
5 196608
1 32640
9 142
2 547
5 33
8 9228
7 530
8 190
4 451
8 2559
4 1105
4 251
2 8708
10 1055
6 3052
6 1077
9 313
3 5436
5 5160
4 2080
2 21840
8 3843
6 6399
2 2084
7 12308
6 2280
8 6324
4 1067
9 87040
7 3344
8 916
5 18
1 155
1 402
4 41280
7 34832
2 10768
5 4083
10 193
8 32608
7 1198
6 1684
6 16332
4 2404
10 2011
1 3348
7 1201
9 237
3 266240
9 3180
5 2568
9 24320
8 33408
8 1135
3 1925
10 1636
5 241
3 33024
5 3585
4 20208
6 556
1 1068
9 6784
1 1764
8 156
1 6
10 75
2 218
3 8128
3 6320
5 2224
4 8732
6 3392
6 762
6 9408
9 16304
8 144
6 8964
3 967
1 8159
3 5616
2 8257
6 455
8 7164
8 6168
4 3856
4 24192
3 4976
2 1021
2 12528
7 2032
1 480
8 262
10 11088
7 18144
7 3048
6 5096
8 4110
6 42
2 15088
4 6
6 59
6 4364
6 3073
3 1996
9 8328
6 7684
10 403
1 2148
8 1060
8 2236
9 5396
8 20432
4 19456
5 2072
4 3844
7 179
6 15744
10 30960
10 16396
8 3632
4 3220
7 33792
8 404
2 62
9 16356
4 17440
1 2045
9 7172
2 8080
8 20736
4 14404
6 227
4 8225
4 1985
8 12228
6 728
6 19
4 588
8 25088
2 622
3 14784
9 7672
6 2015
3 32
10 36800
3 511
6 5076
1 3340
10 413
10 1492
1 648
7 1120
4 2524
9 2816
3 12112
4 3440
4 4380
8 173
2 1848
9 2584
1 2204
9 1154
5 86
6 4596
8 7760
8 5568
8 1603
5 2312
10 1464
8 74
4 8244
7 780
1 1157
5 9212
2 3845
10 6140
2 6396
4 16381
7 4076
10 6172
9 2360
3 2077
4 5116
3 32732
1 20528
9 737
4 2056
3 32796
7 379
1 94
6 8304
5 2082
4 945
6 3020
3 15868
8 81
3 3825
5 10
2 6188
6 12289
4 1012
3 16000
1 1183
5 3
10 2107
2 6304
6 963
7 35
10 761
1 4095
10 955
8 107
4 9180
3 1025
6 872
4 49344
3 4960
8 932
8 13296
4 8896
5 32720
6 2284
5 4094
4 8468
3 4068
6 67584
10 1368
9 63504
2 7935
5 40
7 988
10 1972
8 2034
6 16704
3 1090
8 7040
5 14
8 99
3 33264
7 32780
1 81984
2 24640
9 8068
4 8000
4 56
9 596
8 2561
7 4912
3 1185
8 2752
7 381
6 66
8 8560
4 67
10 15364
3 80
10 8944
4 14224
6 1923
7 2120
9 130048
5 7196
9 2027
9 2110
9 9072
8 3540
9 8436
10 1019
3 1343
7 286
6 18492
7 4049
5 1380
2 32752
2 1290
10 246
7 4964
8 10228
5 9712
10 1432
2 8696
2 17420
9 4091
5 1363
9 1937
9 510
9 1020
4 194
8 2472
2 4140
5 18944
9 18448
1 856
9 1539
1 2060
5 118
6 24000
1 25604
8 16382
6 981
10 518
2 1530
4 5118
10 17392
3 16416
6 32880
1 9088
7 9456
10 481
9 6136
10 5183
2 2916
7 43520
10 284
2 16720
1 7948
7 128
4 996
8 3832
9 6652
3 28656
10 4540
4 8180
1 2152
7 10304
10 11008
5 759
5 11472
3 8268
7 1272
1 61424
8 9776
4 17456
1 1588
4 414
10 372
8 1266
10 597
1 12208
2 8644
7 659
9 3756
8 16444
8 5524
2 4163
10 18496
3 16412
3 4079
1 9920
2 2575
6 52
7 153
8 536
7 24572
7 133
10 4417
4 3601
5 657
6 4608
10 25664
9 11776
4 1984
6 25856
10 48
7 3692
9 2075
6 357
9 5248
9 3820
2 2
1 1108
6 31760
5 25536
8 7856
7 65808
2 2624
10 16312
5 16447
4 318
2 19200
10 196
10 17148
6 984
5 200
8 98
9 2960
4 936
10 1560
10 1188
2 941
4 7180
10 2324
6 84
4 1297
4 147456
4 1888
6 5764
5 11712
7 1172
10 8096
1 1736
2 884
3 1420
5 3424
8 176
5 13824
8 109
9 30208
9 65504
7 71
7 16639
7 1986
10 162
10 4424
10 262148
1 32636
1 97
2 2332
9 1010
10 16188
7 3904
2 30752
2 3792
6 32756
9 16340
1 7420
4 3835
10 1928
4 2516
8 831
6 2496
1 13328
2 2216
10 1298
5 584
2 8320
1 8676
1 4355
8 47
7 16144
4 1729
4 8
5 34320
8 5044
5 2864
9 2928
2 4572
10 16420
2 8864
7 7952
6 3580
3 32528
2 49156
9 24580
2 2512
3 1856
9 1956
7 170
6 10500
6 1300
8 9208
1 462
2 382
4 20548
7 3088
8 65472
2 4988
6 736
8 21680
4 28
7 12548
8 12832
8 1982
10 4084
4 61696
10 13052
9 448
10 34880
9 1534
4 15100
9 1054
10 5196
6 1088
3 1824
9 1262
8 717
8 31232
8 29696
9 53248